1
2
3
4
6
6
12
15
20
30
30
60
60
84
105
140
210
210
420
420
420
420
840
840
1260
1260
1540
2310
2520
4620
4620
5460
5460
9240
9240
13860
13860
16380
16380
27720
30030
32760
60060
60060
60060
60060
120120
120120
180180
180180
180180
180180
360360
360360
360360
360360
471240
510510
556920
1021020
1021020
1141140
1141140
2042040
2042040
3063060
3063060
3423420
3423420
6126120
6126120
6846840
6846840
6846840
6846840
8953560
9699690
12252240
19399380
19399380
19399380
19399380
38798760
38798760
58198140
58198140
58198140
58198140
116396280
116396280
116396280
116396280
140900760
140900760
157477320
157477320
232792560
232792560
232792560
232792560
